# oST version 5.0 parameters


[image]

width
640

height
480

[narrow_stereo]

camera matrix
428.537113 0.000000 329.238316
0.000000 429.469580 242.970406
0.000000 0.000000 1.000000

distortion
-0.395028 0.155001 -0.000422 -0.000555 0.000000

rectification
1.000000 0.000000 0.000000
0.000000 1.000000 0.000000
0.000000 0.000000 1.000000

projection
328.167847 0.000000 330.104241 0.000000
0.000000 369.021271 243.187055 0.000000
0.000000 0.000000 1.000000 0.000000
