#   ros2 run camera_calibration cameracalibrator --size 8x6 --square 0.025 \
#     --ros-args -r image:=/image_raw -r camera:=/camera

image_width: 640
image_height: 480
camera_name: narrow_stereo
camera_matrix:
  rows: 3
  cols: 3
  data: [428.53711,   0.     , 329.23832,
           0.     , 429.46958, 242.97041,
           0.     ,   0.     ,   1.     ]
distortion_model: plumb_bob
distortion_coefficients:
  rows: 1
  cols: 5
  data: [-0.395028, 0.155001, -0.000422, -0.000555, 0.000000]
rectification_matrix:
  rows: 3
  cols: 3
  data: [1., 0., 0.,
         0., 1., 0.,
         0., 0., 1.]
projection_matrix:
  rows: 3
  cols: 4
  data: [328.16785,   0.     , 330.10424,   0.     ,
           0.     , 369.02127, 243.18706,   0.     ,
           0.     ,   0.     ,   1.     ,   0.     ]
